[gd_scene load_steps=3 format=3 uid="uid://crfhwyhgnrivh"]

[ext_resource type="PackedScene" uid="uid://wnpatkw8icfa" path="res://Prefabs/LevelAssets/grass.tscn" id="1_486pn"]

[sub_resource type="BoxShape3D" id="BoxShape3D_486pn"]
size = Vector3(11.298828, 7.435791, 8.654663)

[node name="grass_medium" type="Area3D" groups=["grass"]]

[node name="Node3D3" type="Node3D" parent="."]
transform = Transform3D(0.7195095, 0, 0.6944826, 0, 1, 0, -0.6944826, 0, 0.7195095, 2.6389556, 0, 2.7477407)

[node name="Grass" parent="Node3D3" instance=ExtResource("1_486pn")]

[node name="Grass2" parent="Node3D3" instance=ExtResource("1_486pn")]
transform = Transform3D(0.80488837, -0.19688049, -0.55981493, 0.23760113, 0.9713628, 0, 0.5437834, -0.13301267, 0.82861763, -0.9288101, 0, -0.5855336)

[node name="Grass3" parent="Node3D3" instance=ExtResource("1_486pn")]
transform = Transform3D(0.87159055, 0, -0.49023455, 0, 1, 0, 0.49023455, 0, 0.87159055, -0.07342863, 0, 1.748281)

[node name="Grass4" parent="Node3D3" instance=ExtResource("1_486pn")]
transform = Transform3D(0.7522249, 0.20509396, 0.6261743, -0.1576276, 0.9787423, -0.13121386, -0.6397744, 0, 0.7685628, 1.2044413, 0, 0.1208415)

[node name="Node3D2" type="Node3D" parent="."]
transform = Transform3D(0.72101086, 0, -0.6929238, 0, 1, 0, 0.6929238, 0, 0.72101086, 5.131611, 0, 0.39106464)

[node name="Grass" parent="Node3D2" instance=ExtResource("1_486pn")]

[node name="Grass2" parent="Node3D2" instance=ExtResource("1_486pn")]
transform = Transform3D(0.80488837, -0.19688049, -0.55981493, 0.23760113, 0.9713628, 0, 0.5437834, -0.13301267, 0.82861763, -0.9288101, 0, -0.5855336)

[node name="Grass3" parent="Node3D2" instance=ExtResource("1_486pn")]
transform = Transform3D(0.87159055, 0, -0.49023455, 0, 1, 0, 0.49023455, 0, 0.87159055, -0.07342863, 0, 1.748281)

[node name="Grass4" parent="Node3D2" instance=ExtResource("1_486pn")]
transform = Transform3D(0.7522249, 0.20509396, 0.6261743, -0.1576276, 0.9787423, -0.13121386, -0.6397744, 0, 0.7685628, 1.2044413, 0, 0.1208415)

[node name="Node3D" type="Node3D" parent="."]

[node name="Grass" parent="Node3D" instance=ExtResource("1_486pn")]

[node name="Grass2" parent="Node3D" instance=ExtResource("1_486pn")]
transform = Transform3D(0.80488837, -0.19688049, -0.55981493, 0.23760113, 0.9713628, 0, 0.5437834, -0.13301267, 0.82861763, -0.9288101, 0, -0.5855336)

[node name="Grass3" parent="Node3D" instance=ExtResource("1_486pn")]
transform = Transform3D(0.87159055, 0, -0.49023455, 0, 1, 0, 0.49023455, 0, 0.87159055, -0.07342863, 0, 1.748281)

[node name="Grass4" parent="Node3D" instance=ExtResource("1_486pn")]
transform = Transform3D(0.7522249, 0.20509396, 0.6261743, -0.1576276, 0.9787423, -0.13121386, -0.6397744, 0, 0.7685628, 1.2044413, 0, 0.1208415)

[node name="CollisionShape3D" type="CollisionShape3D" parent="."]
transform = Transform3D(1, 0, 0, 0, 1, 0, 0, 0, 1, 2.397461, 1.1907959, 1.6369019)
shape = SubResource("BoxShape3D_486pn")

[node name="NavigationObstacle3D" type="NavigationObstacle3D" parent="."]
transform = Transform3D(1, 0, 0, 0, 1, 0, 0, 0, 1, 3.265, 0, 0)
radius = 8.81
